lastAccountName: CMAUL_
timestamps:
  login: 1616330757668
  logout: 1616334329808
ipAddress: 127.0.0.1
lastlocation:
  world: world
  x: -303.6935443620314
  y: 66.0313304836238
  z: 336.30668224965666
  yaw: 118.964966
  pitch: 59.667496
afk: false
